   0.0000000000000000     
   2.5000000000000001E-003
   5.0000000000000001E-003
   7.4999999999999997E-003
   1.0000000000000000E-002
   1.2500000000000001E-002
   1.4999999999999999E-002
   1.7500000000000002E-002
   2.0000000000000000E-002
   2.2499999999999999E-002
   2.5000000000000001E-002
   2.7500000000000000E-002
   2.9999999999999999E-002
   3.2500000000000001E-002
   3.5000000000000003E-002
   3.7499999999999999E-002
   4.0000000000000001E-002
   4.2500000000000003E-002
   4.4999999999999998E-002
   4.7500000000000001E-002
   5.0000000000000003E-002
   5.2499999999999998E-002
   5.5000000000000000E-002
   5.7500000000000002E-002
   5.9999999999999998E-002
   6.2500000000000000E-002
   6.5000000000000002E-002
   6.7500000000000004E-002
   7.0000000000000007E-002
   7.2499999999999995E-002
   7.4999999999999997E-002
   7.7499999999999999E-002
   8.0000000000000002E-002
   8.2500000000000004E-002
   8.5000000000000006E-002
   8.7500000000000008E-002
   8.9999999999999997E-002
   9.2499999999999999E-002
   9.5000000000000001E-002
   9.7500000000000003E-002
  0.10000000000000001     
  0.10250000000000001     
  0.10500000000000000     
  0.10750000000000000     
  0.11000000000000000     
  0.11250000000000000     
  0.11500000000000000     
  0.11750000000000001     
  0.12000000000000000     
  0.12250000000000000     
  0.12500000000000000     
  0.12750000000000000     
  0.13000000000000000     
  0.13250000000000001     
  0.13500000000000001     
  0.13750000000000001     
  0.14000000000000001     
  0.14250000000000002     
  0.14499999999999999     
  0.14749999999999999     
  0.14999999999999999     
  0.15250000000000000     
  0.15500000000000000     
  0.15750000000000000     
  0.16000000000000000     
  0.16250000000000001     
  0.16500000000000001     
  0.16750000000000001     
  0.17000000000000001     
  0.17250000000000001     
  0.17500000000000002     
  0.17749999999999999     
  0.17999999999999999     
  0.18250000000000000     
  0.18500000000000000     
  0.18750000000000000     
  0.19000000000000000     
  0.19250000000000000     
  0.19500000000000001     
  0.19750000000000001     
  0.20000000000000001     
  0.20250000000000001     
  0.20500000000000002     
  0.20750000000000002     
  0.20999999999999999     
  0.21249999999999999     
  0.21500000000000000     
  0.21750000000000000     
  0.22000000000000000     
  0.22250000000000000     
  0.22500000000000001     
  0.22750000000000001     
  0.23000000000000001     
  0.23250000000000001     
  0.23500000000000001     
  0.23750000000000002     
  0.23999999999999999     
  0.24249999999999999     
  0.24500000000000000     
  0.24750000000000000     
  0.25000000000000000     
  0.25250000000000000     
  0.25500000000000000     
  0.25750000000000001     
  0.26000000000000001     
  0.26250000000000001     
  0.26500000000000001     
  0.26750000000000002     
  0.27000000000000002     
  0.27250000000000002     
  0.27500000000000002     
  0.27750000000000002     
  0.28000000000000003     
  0.28250000000000003     
  0.28500000000000003     
  0.28750000000000003     
  0.28999999999999998     
  0.29249999999999998     
  0.29499999999999998     
  0.29749999999999999     
  0.29999999999999999     
  0.30249999999999999     
  0.30499999999999999     
  0.30750000000000000     
  0.31000000000000000     
  0.31250000000000000     
  0.31500000000000000     
  0.31750000000000000     
  0.32000000000000001     
  0.32250000000000001     
  0.32500000000000001     
  0.32750000000000001     
  0.33000000000000002     
  0.33250000000000002     
  0.33500000000000002     
  0.33750000000000002     
  0.34000000000000002     
  0.34250000000000003     
  0.34500000000000003     
  0.34750000000000003     
  0.35000000000000003     
  0.35249999999999998     
  0.35499999999999998     
  0.35749999999999998     
  0.35999999999999999     
  0.36249999999999999     
  0.36499999999999999     
  0.36749999999999999     
  0.37000000000000000     
  0.37250000000000000     
  0.37500000000000000     
  0.37750000000000000     
  0.38000000000000000     
  0.38250000000000001     
  0.38500000000000001     
  0.38750000000000001     
  0.39000000000000001     
  0.39250000000000002     
  0.39500000000000002     
  0.39750000000000002     
  0.40000000000000002     
  0.40250000000000002     
  0.40500000000000003     
  0.40750000000000003     
  0.41000000000000003     
  0.41250000000000003     
  0.41500000000000004     
  0.41749999999999998     
  0.41999999999999998     
  0.42249999999999999     
  0.42499999999999999     
  0.42749999999999999     
  0.42999999999999999     
  0.43250000000000000     
  0.43500000000000000     
  0.43750000000000000     
  0.44000000000000000     
  0.44250000000000000     
  0.44500000000000001     
  0.44750000000000001     
  0.45000000000000001     
  0.45250000000000001     
  0.45500000000000002     
  0.45750000000000002     
  0.46000000000000002     
  0.46250000000000002     
  0.46500000000000002     
  0.46750000000000003     
  0.47000000000000003     
  0.47250000000000003     
  0.47500000000000003     
  0.47750000000000004     
  0.47999999999999998     
  0.48249999999999998     
  0.48499999999999999     
  0.48749999999999999     
  0.48999999999999999     
  0.49249999999999999     
  0.49500000000000000     
  0.49750000000000000     
  0.50000000000000000     
