1.000000E+00	0.000000E+00
9.989912E-01	-1.486640E-04
9.979824E-01	-2.971720E-04
9.969735E-01	-4.455220E-04
9.959646E-01	-5.937050E-04
9.949557E-01	-7.416120E-04
9.939468E-01	-8.893700E-04
9.929378E-01	-1.036970E-03
9.919288E-01	-1.184340E-03
9.909198E-01	-1.331500E-03
9.899107E-01	-1.478500E-03
9.887956E-01	-1.640700E-03
9.875635E-01	-1.819640E-03
9.862019E-01	-2.017040E-03
9.846973E-01	-2.234770E-03
9.830346E-01	-2.474870E-03
9.811973E-01	-2.739620E-03
9.791669E-01	-3.031330E-03
9.769233E-01	-3.352820E-03
9.744438E-01	-3.707050E-03
9.717039E-01	-4.097090E-03
9.686760E-01	-4.526510E-03
9.653300E-01	-4.999070E-03
9.616323E-01	-5.518920E-03
9.575459E-01	-6.090490E-03
9.530299E-01	-6.718610E-03
9.480392E-01	-7.408560E-03
9.425238E-01	-8.165750E-03
9.364284E-01	-8.996400E-03
9.296920E-01	-9.906890E-03
9.222471E-01	-1.090390E-02
9.140190E-01	-1.199490E-02
9.049252E-01	-1.318720E-02
8.948740E-01	-1.448900E-02
8.837660E-01	-1.590880E-02
8.714880E-01	-1.745470E-02
8.579180E-01	-1.913560E-02
8.429190E-01	-2.095980E-02
8.263400E-01	-2.293590E-02
8.080150E-01	-2.507160E-02
7.877580E-01	-2.737350E-02
7.653680E-01	-2.984670E-02
7.406160E-01	-3.249410E-02
7.132550E-01	-3.531410E-02
6.830080E-01	-3.829940E-02
6.514970E-01	-4.125760E-02
6.199720E-01	-4.405690E-02
5.884320E-01	-4.668880E-02
5.568780E-01	-4.914070E-02
5.253100E-01	-5.139990E-02
4.937270E-01	-5.345020E-02
4.621300E-01	-5.527210E-02
4.305200E-01	-5.684240E-02
3.988970E-01	-5.813410E-02
3.672630E-01	-5.911620E-02
3.356210E-01	-5.975290E-02
3.039730E-01	-5.999300E-02
2.723240E-01	-5.978970E-02
2.448250E-01	-5.920160E-02
2.199490E-01	-5.829020E-02
1.974530E-01	-5.711450E-02
1.771140E-01	-5.572520E-02
1.587310E-01	-5.416560E-02
1.421210E-01	-5.247350E-02
1.271180E-01	-5.068230E-02
1.135720E-01	-4.881580E-02
1.013460E-01	-4.690120E-02
9.031800E-02	-4.495720E-02
8.037400E-02	-4.300090E-02
7.141400E-02	-4.104280E-02
6.334600E-02	-3.909700E-02
5.608500E-02	-3.717230E-02
4.955700E-02	-3.527620E-02
4.369400E-02	-3.341530E-02
3.843500E-02	-3.158940E-02
3.372200E-02	-2.981120E-02
2.950600E-02	-2.807400E-02
2.574100E-02	-2.638670E-02
2.238500E-02	-2.475040E-02
1.940000E-02	-2.316710E-02
1.675100E-02	-2.163970E-02
1.441100E-02	-2.016140E-02
1.234500E-02	-1.874640E-02
1.053400E-02	-1.738300E-02
8.948000E-03	-1.608250E-02
7.566000E-03	-1.484380E-02
6.370000E-03	-1.366470E-02
5.342000E-03	-1.254490E-02
4.463000E-03	-1.148670E-02
3.710000E-03	-1.049650E-02
3.069000E-03	-9.569970E-03
2.541000E-03	-8.698760E-03
2.042000E-03	-7.809260E-03
1.585000E-03	-6.899270E-03
1.186000E-03	-5.960990E-03
8.250000E-04	-5.008710E-03
5.230000E-04	-4.034870E-03
3.050000E-04	-3.038780E-03
1.460000E-04	-2.032440E-03
4.300000E-05	-1.018710E-03
0.000000E+00	0.000000E+00
4.300000E-05	1.018710E-03
1.460000E-04	2.032440E-03
3.050000E-04	3.038780E-03
5.230000E-04	4.034870E-03
8.250000E-04	5.008710E-03
1.186000E-03	5.960990E-03
1.585000E-03	6.899270E-03
2.042000E-03	7.809260E-03
2.541000E-03	8.698760E-03
3.069000E-03	9.569970E-03
3.710000E-03	1.049650E-02
4.463000E-03	1.148670E-02
5.342000E-03	1.254490E-02
6.370000E-03	1.366470E-02
7.566000E-03	1.484380E-02
8.948000E-03	1.608250E-02
1.053400E-02	1.738300E-02
1.234500E-02	1.874640E-02
1.441100E-02	2.016140E-02
1.675100E-02	2.163970E-02
1.940000E-02	2.316710E-02
2.238500E-02	2.475040E-02
2.574100E-02	2.638670E-02
2.950600E-02	2.807400E-02
3.372200E-02	2.981120E-02
3.843500E-02	3.158940E-02
4.369400E-02	3.341530E-02
4.955700E-02	3.527620E-02
5.608500E-02	3.717230E-02
6.334600E-02	3.909700E-02
7.141400E-02	4.104280E-02
8.037400E-02	4.300090E-02
9.031800E-02	4.495720E-02
1.013460E-01	4.690120E-02
1.135720E-01	4.881580E-02
1.271180E-01	5.068230E-02
1.421210E-01	5.247350E-02
1.587310E-01	5.416560E-02
1.771140E-01	5.572520E-02
1.974530E-01	5.711450E-02
2.199490E-01	5.829020E-02
2.448250E-01	5.920160E-02
2.723240E-01	5.978970E-02
3.039730E-01	5.999300E-02
3.356210E-01	5.975290E-02
3.672630E-01	5.911620E-02
3.988970E-01	5.813410E-02
4.305200E-01	5.684240E-02
4.621300E-01	5.527210E-02
4.937270E-01	5.345020E-02
5.253100E-01	5.139990E-02
5.568780E-01	4.914070E-02
5.884320E-01	4.668880E-02
6.199720E-01	4.405690E-02
6.514970E-01	4.125760E-02
6.830080E-01	3.829940E-02
7.132550E-01	3.531410E-02
7.406160E-01	3.249410E-02
7.653680E-01	2.984670E-02
7.877580E-01	2.737350E-02
8.080150E-01	2.507160E-02
8.263400E-01	2.293590E-02
8.429190E-01	2.095980E-02
8.579180E-01	1.913560E-02
8.714880E-01	1.745470E-02
8.837660E-01	1.590880E-02
8.948740E-01	1.448900E-02
9.049252E-01	1.318720E-02
9.140190E-01	1.199490E-02
9.222471E-01	1.090390E-02
9.296920E-01	9.906890E-03
9.364284E-01	8.996400E-03
9.425238E-01	8.165750E-03
9.480392E-01	7.408560E-03
9.530299E-01	6.718610E-03
9.575459E-01	6.090490E-03
9.616323E-01	5.518920E-03
9.653300E-01	4.999070E-03
9.686760E-01	4.526510E-03
9.717039E-01	4.097090E-03
9.744438E-01	3.707050E-03
9.769233E-01	3.352820E-03
9.791669E-01	3.031330E-03
9.811973E-01	2.739620E-03
9.830346E-01	2.474870E-03
9.846973E-01	2.234770E-03
9.862019E-01	2.017040E-03
9.875635E-01	1.819640E-03
9.887956E-01	1.640700E-03
9.899107E-01	1.478500E-03
9.909198E-01	1.331500E-03
9.919288E-01	1.184340E-03
9.929378E-01	1.036970E-03
9.939468E-01	8.893700E-04
9.949557E-01	7.416120E-04
9.959646E-01	5.937050E-04
9.969735E-01	4.455220E-04
9.979824E-01	2.971720E-04
9.989912E-01	1.486640E-04